Time	Channel A
(ns)	(V)

-205.88888884	0.00000000
-205.38888885	0.00000000
-204.88888886	0.00000000
-204.38888888	0.00000000
-203.88888889	0.00000000
-203.38888891	0.00000000
-202.88888892	0.00000000
-202.38888894	0.00000000
-201.88888895	0.00000000
-201.38888896	0.00000000
-200.88888898	0.00000000
-200.38888899	0.00000000
-199.88888901	0.00000000
-199.38888902	0.00000000
-198.88888903	0.00000000
-198.38888905	0.00000000
-197.88888906	0.00000000
-197.38888908	0.00000000
-196.88888909	0.00000000
-196.38888910	0.00000000
-195.88888912	0.00000000
-195.38888913	0.00000000
-194.88888915	0.00000000
-194.38888916	0.00000000
-193.88888918	0.00000000
-193.38888919	0.00000000
-192.88888920	0.00000000
-192.38888922	0.00000000
-191.88888923	0.00000000
-191.38888925	0.00000000
-190.88888926	0.00000000
-190.38888927	0.00000000
-189.88888929	0.00000000
-189.38888930	0.00000000
-188.88888932	0.00000000
-188.38888933	0.00000000
-187.88888935	0.00000000
-187.38888936	0.00000000
-186.88888937	0.00000000
-186.38888939	0.00000000
-185.88888940	0.00000000
-185.38888942	0.00000000
-184.88888943	0.00000000
-184.38888944	0.00000000
-183.88888946	0.00000000
-183.38888947	0.00000000
-182.88888949	0.00000000
-182.38888950	0.00000000
-181.88888951	0.00000000
-181.38888953	0.00000000
-180.88888954	0.00000000
-180.38888956	0.00000000
-179.88888957	0.00000000
-179.38888959	0.00000000
-178.88888960	0.00000000
-178.38888961	0.00000000
-177.88888963	0.00000000
-177.38888964	0.00000000
-176.88888966	0.00000000
-176.38888967	0.00000000
-175.88888968	0.00000000
-175.38888970	0.00000000
-174.88888971	0.00000000
-174.38888973	0.00000000
-173.88888974	0.00024606
-173.38888976	0.00135335
-172.88888977	-0.00412156
-172.38888978	-0.01599409
-171.88888980	-0.01599409
-171.38888981	-0.00412156
-170.88888983	0.00135335
-170.38888984	0.00024606
-169.88888985	0.00000000
-169.38888987	0.00000000
-168.88888988	0.00000000
-168.38888990	0.00000000
-167.88888991	0.00000000
-167.38888992	0.00000000
-166.88888994	0.00000000
-166.38888995	0.00000000
-165.88888997	0.00000000
-165.38888998	0.00000000
-164.88889000	0.00000000
-164.38889001	0.00000000
-163.88889002	0.00000000
-163.38889004	0.00000000
-162.88889005	0.00000000
-162.38889007	0.00000000
-161.88889008	0.00000000
-161.38889009	0.00000000
-160.88889011	0.00000000
-160.38889012	0.00000000
-159.88889014	0.00000000
-159.38889015	0.00000000
-158.88889017	0.00000000
-158.38889018	0.00000000
-157.88889019	0.00000000
-157.38889021	0.00000000
-156.88889022	0.00000000
-156.38889024	0.00000000
-155.88889025	0.00000000
-155.38889026	0.00000000
-154.88889028	0.00000000
-154.38889029	0.00000000
-153.88889031	0.00000000
-153.38889032	0.00000000
-152.88889034	0.00000000
-152.38889035	0.00000000
-151.88889036	0.00000000
-151.38889038	0.00000000
-150.88889039	0.00000000
-150.38889041	0.00000000
-149.88889042	0.00000000
-149.38889043	0.00000000
-148.88889045	0.00000000
-148.38889046	0.00000000
-147.88889048	0.00000000
-147.38889049	0.00000000
-146.88889050	0.00000000
-146.38889052	0.00000000
-145.88889053	0.00000000
-145.38889055	0.00000000
-144.88889056	0.00000000
-144.38889058	0.00000000
-143.88889059	0.00000000
-143.38889060	0.00000000
-142.88889062	0.00000000
-142.38889063	0.00000000
-141.88889065	0.00000000
-141.38889066	0.00000000
-140.88889067	0.00024606
-140.38889069	0.00135335
-139.88889070	-0.00412156
-139.38889072	-0.01599409
-138.88889073	-0.01599409
-138.38889075	-0.00412156
-137.88889076	0.00135335
-137.38889077	0.00024606
-136.88889079	0.00000000
-136.38889080	0.00000000
-135.88889082	0.00000000
-135.38889083	0.00000000
-134.88889084	0.00000000
-134.38889086	0.00000000
-133.88889087	0.00000000
-133.38889089	0.00000000
-132.88889090	0.00000000
-132.38889091	0.00000000
-131.88889093	0.00000000
-131.38889094	0.00000000
-130.88889096	0.00000000
-130.38889097	0.00000000
-129.88889099	0.00000000
-129.38889100	0.00000000
-128.88889101	0.00000000
-128.38889103	0.00000000
-127.88889104	0.00000000
-127.38889106	0.00000000
-126.88889107	0.00000000
-126.38889108	0.00000000
-125.88889110	0.00000000
-125.38889111	0.00000000
-124.88889113	0.00000000
-124.38889114	0.00000000
-123.88889116	0.00000000
-123.38889117	0.00000000
-122.88889118	0.00000000
-122.38889120	0.00000000
-121.88889121	0.00000000
-121.38889123	0.00000000
-120.88889124	0.00000000
-120.38889125	0.00000000
-119.88889127	0.00000000
-119.38889128	0.00000000
-118.88889130	0.00000000
-118.38889131	0.00000000
-117.88889132	0.00000000
-117.38889134	0.00000000
-116.88889135	0.00000000
-116.38889137	0.00000000
-115.88889138	0.00000000
-115.38889140	0.00000000
-114.88889141	0.00000000
-114.38889142	0.00000000
-113.88889144	0.00000000
-113.38889145	0.00000000
-112.88889147	0.00000000
-112.38889148	0.00000000
-111.88889149	0.00000000
-111.38889151	0.00000000
-110.88889152	0.00000000
-110.38889154	0.00000000
-109.88889155	0.00000000
-109.38889157	0.00000000
-108.88889158	0.00000000
-108.38889159	0.00000000
-107.88889161	0.00000000
-107.38889162	0.00000000
-106.88889164	0.00000000
-106.38889165	0.00000000
-105.88889166	0.00000000
-105.38889168	0.00000000
-104.88889169	0.00000000
-104.38889171	0.00000000
-103.88889172	0.00000000
-103.38889173	0.00000000
-102.88889175	0.00000000
-102.38889176	0.00000000
-101.88889178	0.00000000
-101.38889179	0.00000000
-100.88889181	0.00000000
-100.38889182	0.00000000
-99.88889183	0.00000000
-99.38889185	0.00000000
-98.88889186	0.00000000
-98.38889188	0.00000000
-97.88889189	0.00000000
-97.38889190	0.00000000
-96.88889192	0.00000000
-96.38889193	0.00000000
-95.88889195	0.00000000
-95.38889196	0.00000000
-94.88889198	0.00000000
-94.38889199	0.00000000
-93.88889200	0.00000000
-93.38889202	0.00000000
-92.88889203	0.00000000
-92.38889205	0.00000000
-91.88889206	0.00000000
-91.38889207	0.00000000
-90.88889209	0.00000000
-90.38889210	0.00000000
-89.88889212	0.00000000
-89.38889213	0.00000000
-88.88889215	0.00000000
-88.38889216	0.00000000
-87.88889217	0.00000000
-87.38889219	0.00000000
-86.88889220	0.00000000
-86.38889222	0.00000000
-85.88889223	0.00000000
-85.38889224	0.00000000
-84.88889226	0.00000000
-84.38889227	0.00000000
-83.88889229	0.00000000
-83.38889230	0.00000000
-82.88889231	0.00000000
-82.38889233	0.00000000
-81.88889234	0.00000000
-81.38889236	0.00000000
-80.88889237	0.00000000
-80.38889239	0.00000000
-79.88889240	0.00000000
-79.38889241	0.00000000
-78.88889243	0.00000000
-78.38889244	0.00000000
-77.88889246	0.00000000
-77.38889247	0.00000000
-76.88889248	0.00000000
-76.38889250	0.00000000
-75.88889251	0.00000000
-75.38889253	0.00000000
-74.88889254	0.00000000
-74.38889256	0.00000000
-73.88889257	0.00000000
-73.38889258	0.00000000
-72.88889260	0.00000000
-72.38889261	0.00000000
-71.88889263	0.00000000
-71.38889264	0.00000000
-70.88889265	0.00000000
-70.38889267	0.00000000
-69.88889268	0.00000000
-69.38889270	0.00000000
-68.88889271	0.00000000
-68.38889272	0.00000000
-67.88889274	0.00000000
-67.38889275	0.00000000
-66.88889277	0.00000000
-66.38889278	0.00000000
-65.88889280	0.00000000
-65.38889281	0.00000000
-64.88889282	0.00000000
-64.38889284	0.00000000
-63.88889285	0.00000000
-63.38889287	0.00000000
-62.88889288	0.00000000
-62.38889289	0.00000000
-61.88889291	0.00000000
-61.38889292	0.00000000
-60.88889294	0.00000000
-60.38889295	0.00000000
-59.88889297	0.00000000
-59.38889298	0.00000000
-58.88889299	0.00000000
-58.38889301	0.00000000
-57.88889302	0.00000000
-57.38889304	0.00000000
-56.88889305	0.00000000
-56.38889306	0.00000000
-55.88889308	0.00000000
-55.38889309	0.00000000
-54.88889311	0.00000000
-54.38889312	0.00000000
-53.88889313	0.00000000
-53.38889315	0.00000000
-52.88889316	0.00000000
-52.38889318	0.00000000
-51.88889319	0.00000000
-51.38889321	0.00000000
-50.88889322	0.00000000
-50.38889323	0.00000000
-49.88889325	0.00000000
-49.38889326	0.00000000
-48.88889328	0.00000000
-48.38889329	0.00000000
-47.88889330	0.00000000
-47.38889332	0.00000000
-46.88889333	0.00000000
-46.38889335	0.00000000
-45.88889336	0.00000000
-45.38889338	0.00000000
-44.88889339	0.00000000
-44.38889340	0.00000000
-43.88889342	0.00000000
-43.38889343	0.00000000
-42.88889345	0.00000000
-42.38889346	0.00000000
-41.88889347	0.00000000
-41.38889349	0.00000000
-40.88889350	0.00000000
-40.38889352	0.00000000
-39.88889353	0.00000000
-39.38889355	0.00000000
-38.88889356	0.00000000
-38.38889357	0.00000000
-37.88889359	0.00000000
-37.38889360	0.00000000
-36.88889362	0.00000000
-36.38889363	0.00000000
-35.88889364	0.00000000
-35.38889366	0.00000000
-34.88889367	0.00000000
-34.38889369	0.00000000
-33.88889370	0.00000000
-33.38889371	0.00000000
-32.88889373	0.00000000
-32.38889374	0.00000000
-31.88889376	0.00000000
-31.38889377	0.00000000
-30.88889379	0.00000000
-30.38889380	0.00000000
-29.88889381	0.00000000
-29.38889383	0.00000000
-28.88889384	0.00000000
-28.38889386	0.00000000
-27.88889387	0.00000000
-27.38889388	0.00000000
-26.88889390	0.00000000
-26.38889391	0.00000000
-25.88889393	0.00000000
-25.38889394	0.00000000
-24.88889396	0.00000000
-24.38889397	0.00000000
-23.88889398	0.00000000
-23.38889400	0.00000000
-22.88889401	0.00000000
-22.38889403	0.00000000
-21.88889404	0.00000000
-21.38889405	0.00000000
-20.88889407	0.00000000
-20.38889408	0.00000000
-19.88889410	0.00000000
-19.38889411	0.00000000
-18.88889412	0.00024606
-18.38889414	0.00135335
-17.88889415	-0.00246063
-17.38889417	-0.00781250
-16.88889418	-0.03660187
-16.38889420	-0.07972441
-15.88889421	-0.14997540
-15.38889422	-0.23185290
-14.88889424	-0.32215800
-14.38889425	-0.40083660
-13.88889427	-0.48591290
-13.38889428	-0.55813240
-12.88889429	-0.61792570
-12.38889431	-0.65132870
-11.88889432	-0.67464320
-11.38889434	-0.67894930
-10.88889435	-0.69266730
-10.38889437	-0.70989170
-9.88889438	-0.73511320
-9.38889439	-0.76316430
-8.88889441	-0.78869340
-8.38889442	-0.80702510
-7.88889444	-0.81748280
-7.38889445	-0.81852850
-6.88889446	-0.80376480
-6.38889448	-0.77682080
-5.88889449	-0.73781990
-5.38889451	-0.69795770
-4.88889452	-0.62389270
-4.38889453	-0.53444880
-3.88889455	-0.42464320
-3.38889456	-0.32012800
-2.88889458	-0.19549710
-2.38889459	-0.08021653
-1.88889461	0.03912402
-1.38889462	0.13391980
-0.88889463	0.23271410
-0.38889465	0.31028540
0.11110534	0.38927160
0.61110532	0.44961860
1.11110531	0.50861220
1.61110530	0.55068900
2.11110528	0.59485730
2.61110527	0.62930610
3.11110525	0.66387800
3.61110524	0.68977610
4.11110522	0.71475150
4.61110521	0.73302170
5.11110520	0.74347930
5.61110518	0.74452510
6.11110517	0.73031500
6.61110515	0.70552410
7.11110514	0.65643450
7.61110513	0.59608760
8.11110511	0.50658220
8.61110510	0.40963340
9.11110508	0.28992370
9.61110507	0.17575050
10.11110506	0.04650591
10.61110504	-0.06656004
11.11110503	-0.19008370
11.61110501	-0.29244590
12.11110500	-0.41154040
12.61110498	-0.51827020
13.11110497	-0.62253930
13.61110496	-0.69900350
14.11110494	-0.77774360
14.61110493	-0.83809050
15.11110491	-0.89683810
15.61110490	-0.93774600
16.11110489	-0.98738930
16.61110487	-1.03377200
17.11110486	-1.06865200
17.61110484	-1.08366100
18.11110483	-1.09848700
18.61110481	-1.10931300
19.11110480	-1.10494600
19.61110479	-1.08772100
20.11110477	-1.05308800
20.61110476	-1.01002700
21.11110474	-0.94549700
21.61110473	-0.87543060
22.11110472	-0.78598670
22.61110470	-0.69869580
23.11110469	-0.59473430
23.61110467	-0.49993850
24.11110466	-0.38576530
24.61110464	-0.28014270
25.11110463	-0.16596950
25.61110462	-0.07117372
26.11110460	0.03284941
26.61110459	0.12007870
27.11110457	0.20896900
27.61110456	0.27688240
28.11110455	0.35094740
28.61110453	0.41240160
29.11110452	0.47139520
29.61110450	0.51230320
30.11110449	0.56194630
30.61110448	0.60832920
31.11110446	0.64345470
31.61110445	0.65957180
32.11110443	0.66947590
32.61110442	0.67052170
33.11110440	0.65600400
33.61110439	0.63016730
34.11110438	0.58569150
34.61110436	0.53401820
35.11110435	0.45933810
35.61110433	0.37955220
36.11110432	0.28518700
36.61110431	0.19900340
37.11110429	0.09498031
37.61110428	-0.00086122
38.11110426	-0.11035930
38.61110425	-0.20730810
39.11110423	-0.30610240
39.61110422	-0.38152070
40.11110421	-0.47016490
40.61110419	-0.54884350
41.11110418	-0.63336620
41.61110416	-0.70337100
42.11110415	-0.77257630
42.61110414	-0.82314220
43.11110412	-0.87752220
43.61110411	-0.92169050
44.11110409	-0.96149120
44.61110408	-0.98732780
45.11110407	-1.00738200
45.61110405	-1.01710100
46.11110404	-1.01187300
46.61110402	-0.99243350
47.11110401	-0.96776570
47.61110399	-0.94408220
48.11110398	-0.90016000
48.61110397	-0.84848670
49.11110395	-0.77356050
49.61110394	-0.69266730
50.11110392	-0.60346950
50.61110391	-0.52811270
51.11110390	-0.42907240
51.61110388	-0.33095470
52.11110387	-0.22668550
52.61110385	-0.14154770
53.11110384	-0.04281496
53.61110382	0.04441437
54.11110381	0.13853350
54.61110380	0.21610480
55.11110378	0.30007380
55.61110377	0.36903300
56.11110375	0.44340550
56.61110374	0.50485970
57.11110373	0.56409940
57.61110371	0.60617620
58.11110370	0.65089810
58.61110368	0.68756150
59.11110367	0.71278300
59.61110366	0.72139520
60.11110364	0.71616630
60.61110363	0.69783470
61.11110361	0.66793800
61.61110360	0.63348920
62.11110358	0.58378450
62.61110357	0.53100400
63.11110356	0.46653540
63.61110354	0.40618850
64.11110353	0.33206200
64.61110351	0.26310290
65.11110350	0.17888780
65.61110349	0.10020920
66.11110347	0.01076526
66.61110346	-0.06791338
67.11110344	-0.15182090
67.61110343	-0.21967270
68.11110341	-0.29896650
68.61110340	-0.37014030
69.11110339	-0.43928400
69.61110337	-0.48880410
70.11110336	-0.54810530
70.61110334	-0.60199310
71.11110333	-0.65200540
71.61110332	-0.68645420
72.11110330	-0.71610480
72.61110329	-0.73332920
73.11110327	-0.74347930
73.61110326	-0.74452510
74.11110324	-0.72920770
74.61110323	-0.70004920
75.11110322	-0.67015250
75.61110320	-0.64646900
76.11110319	-0.60752950
76.61110317	-0.56440700
77.11110316	-0.50485970
77.61110315	-0.44340550
78.11110313	-0.36903300
78.61110312	-0.30007380
79.11110310	-0.21585880
79.61110309	-0.13718010
80.11110308	-0.04804380
80.61110306	0.02952756
81.11110305	0.11866390
81.61110303	0.19734250
82.11110302	0.28161910
82.61110300	0.35051670
83.11110299	0.42464320
83.61110298	0.48492860
84.11110296	0.54945870
84.61110295	0.60230070
85.11110293	0.65200540
85.61110292	0.68645420
86.11110291	0.71579720
86.61110289	0.73197590
87.11110288	0.74673970
87.61110286	0.75645920
88.11110285	0.75676670
88.61110283	0.74815450
89.11110282	0.72810040
89.61110281	0.70115650
90.11110279	0.66658470
90.61110278	0.63318160
91.11110276	0.58378450
91.61110275	0.53100400
92.11110274	0.46653540
92.61110272	0.40618850
93.11110271	0.33181600
93.61110269	0.26174950
94.11110268	0.18214810
94.61110267	0.11208170
95.11110265	0.03801673
95.61110264	-0.02122293
96.11110262	-0.09036663
96.61110261	-0.15175940
97.11110259	-0.21622790
97.61110258	-0.26796260
98.11110257	-0.32258860
98.61110255	-0.36669540
99.11110254	-0.40594240
99.61110252	-0.42968750
100.11110251	-0.45958410
100.61110250	-0.48874260
101.11110248	-0.50406000
101.61110247	-0.50301430
102.11110245	-0.49255660
102.61110244	-0.47422490
103.11110242	-0.44949560
103.61110241	-0.42476620
104.11110240	-0.38521160
104.61110238	-0.34110480
105.11110237	-0.28672490
105.61110235	-0.23609740
106.11110234	-0.16664620
106.61110233	-0.09553396
107.11110231	-0.01624016
107.61110230	0.05161171
108.11110228	0.13607280
108.61110227	0.21690450
109.11110226	0.29595230
109.61110224	0.35303890
110.11110223	0.42741140
110.61110221	0.50073820
111.11110220	0.56520670
111.61110218	0.60506890
112.11110217	0.65415850
112.61110216	0.69943400
113.11110214	0.73923470
113.61110213	0.76396410
114.11110211	0.78838580
114.61110210	0.80567180
115.11110209	0.82105070
115.61110207	0.83181600
116.11110206	0.82683320
116.61110204	0.80745570
117.11110203	0.78248030
117.61110201	0.75775100
118.11110200	0.71819630
118.61110199	0.67402800
119.11110197	0.61964810
119.61110196	0.56908220
120.11110194	0.49963090
120.61110193	0.42845720
121.11110192	0.34860970
121.61110190	0.27860480
122.11110189	0.20453990
122.61110187	0.14530020
123.11110186	0.07640256
123.61110185	0.01611713
124.11110183	-0.05333415
124.61110182	-0.11472690
125.11110180	-0.17919540
125.61110179	-0.23093010
126.11110177	-0.28500250
126.61110176	-0.32701770
127.11110175	-0.37696850
127.61110173	-0.42335140
128.11110172	-0.45823080
128.61110170	-0.47324060
129.11110169	-0.48775840
129.61110168	-0.49747790
130.11110166	-0.49778540
130.61110165	-0.48917320
131.11110163	-0.46936510
131.61110162	-0.44352850
132.11110160	-0.40403540
132.61110159	-0.36091290
133.11110158	-0.30105810
133.61110156	-0.23855810
134.11110155	-0.16910680
134.61110153	-0.10986710
135.11110152	-0.03555610
135.61110151	0.03555610
136.11110149	0.10986710
136.61110148	0.16910680
137.11110146	0.23800440
137.61110145	0.29835140
138.11110143	0.36780260
138.61110142	0.42919540
139.11110141	0.49372540
139.61110139	0.54546020
140.11110138	0.60008610
140.61110136	0.64419290
141.11110135	0.68344000
141.61110134	0.70712350
142.11110132	0.73702020
142.61110131	0.76617870
143.11110129	0.78180370
143.61110128	0.78180370
144.11110127	0.76642470
144.61110125	0.73843500
145.11110124	0.70324800
145.61110122	0.66879920
146.11110121	0.62463090
146.61110119	0.58261570
147.11110118	0.52306840
147.61110117	0.46056840
148.11110115	0.39111710
148.61110114	0.33187750
149.11110112	0.25781250
149.61110111	0.18774610
150.11110110	0.10814470
150.61110108	0.03813976
151.11110107	-0.03592520
151.61110105	-0.09516487
152.11110104	-0.16400100
152.61110102	-0.22434790
153.11110101	-0.29404530
153.61110100	-0.35654530
154.11110098	-0.41609250
154.61110097	-0.45816930
155.11110095	-0.50258370
155.61110094	-0.53820130
156.11110093	-0.56809790
156.61110091	-0.58532230
157.11110090	-0.59547250
157.61110088	-0.59651820
158.11110087	-0.58120080
158.61110086	-0.55204230
159.11110084	-0.52245320
159.61110083	-0.49981550
160.11110081	-0.45540110
160.61110080	-0.40040600
161.11110078	-0.34030510
161.61110077	-0.28857040
162.11110076	-0.22957680
162.61110074	-0.17894930
163.11110073	-0.11472690
163.61110071	-0.05333415
164.11110070	0.01611713
164.61110069	0.07640256
165.11110067	0.14585380
165.61110066	0.20724660
166.11110064	0.27146900
166.61110063	0.32209650
167.11110061	0.38109000
167.61110060	0.43276330
168.11110059	0.49286420
168.61110057	0.54792080
169.11110056	0.59288880
169.61110054	0.61767960
170.11110053	0.63711860
170.61110052	0.64573080
171.11110050	0.64573080
171.61110049	0.63711860
172.11110047	0.61712600
172.61110046	0.59018210
173.11110045	0.55561020
173.61110043	0.52220720
174.11110042	0.47281000
174.61110040	0.41996800
175.11110039	0.35543800
175.61110037	0.29515250
176.11110036	0.22078000
176.61110035	0.15077510
177.11110033	0.07148130
177.61110032	0.00252215
178.11110030	-0.07646407
178.61110029	-0.14548470
179.11110028	-0.22477850
179.61110026	-0.29478350
180.11110025	-0.36884840
180.61110023	-0.42808810
181.11110022	-0.49753940
181.61110020	-0.56003930
182.11110019	-0.61989420
182.61110018	-0.66301670
183.11110016	-0.70250980
183.61110015	-0.72834650
184.11110013	-0.74815450
184.61110012	-0.75676670
185.11110011	-0.75645920
185.61110009	-0.74673970
186.11110008	-0.73197590
186.61110006	-0.71579720
187.11110005	-0.68620820
187.61110004	-0.65059050
188.11110002	-0.60586860
188.61110001	-0.56274600
189.11109999	-0.50842770
189.61109998	-0.45669290
190.11109996	-0.39222440
190.61109995	-0.33083170
191.11109994	-0.26162650
191.61109992	-0.20238680
192.11109991	-0.12801430
192.61109989	-0.05690207
193.11109988	0.01747047
193.61109987	0.07671013
194.11109985	0.14609990
194.61109984	0.20859990
195.11109982	0.26814710
195.61109981	0.31016240
196.11109979	0.35433070
196.61109978	0.38877950
197.11109977	0.42365900
197.61109975	0.45060290
198.11109974	0.47065700
198.61109972	0.47926920
199.11109971	0.47926920
199.61109970	0.47065700
200.11109968	0.45060290
200.61109967	0.42365900
201.11109965	0.38877950
201.61109964	0.35433070
202.11109962	0.31016240
202.61109961	0.26814710
203.11109960	0.20835380
203.61109958	0.14474660
204.11109957	0.08052412
204.61109955	0.03211122
205.11109954	-0.03703248
205.61109953	-0.10925200
206.11109951	-0.18387060
206.61109950	-0.24311020
207.11109948	-0.31231550
207.61109947	-0.37370820
208.11109946	-0.43817670
208.61109944	-0.48991140
209.11109943	-0.54453740
209.61109941	-0.58870570
210.11109940	-0.62826030
210.61109938	-0.65298970
211.11109937	-0.67771900
211.61109936	-0.69605070
212.11109934	-0.70595470
212.61109933	-0.70484750
213.11109931	-0.69992620
213.61109930	-0.69235970
214.11109929	-0.67261320
214.61109927	-0.64566930
215.11109926	-0.61078980
215.61109924	-0.57634100
216.11109923	-0.53161910
216.61109921	-0.48738930
217.11109920	-0.43829970
217.61109919	-0.39739170
218.11109917	-0.33809050
218.61109916	-0.27559050
219.11109914	-0.20558560
219.61109913	-0.14419290
220.11109912	-0.08027805
220.61109910	-0.03069636
221.11109909	0.03346457
221.61109907	0.09596457
222.11109906	0.16074060
222.61109905	0.21247540
223.11109903	0.26710140
223.61109902	0.31120820
224.11109900	0.35100890
224.61109899	0.37684550
225.11109897	0.39609990
225.61109896	0.40255900
226.11109895	0.41270910
226.61109893	0.42458170
227.11109892	0.41990650
227.61109890	0.40046750
228.11109889	0.37524600
228.61109888	0.34940950
229.11109886	0.31477610
229.61109885	0.28032730
230.11109883	0.23560530
230.61109882	0.19143700
231.11109880	0.14203990
231.61109879	0.10002460
232.11109878	0.04595226
232.61109876	-0.00572097
233.11109875	-0.07043553
233.61109873	-0.13299710
234.11109872	-0.19771160
234.61109871	-0.24944640
235.11109869	-0.30351870
235.61109868	-0.34553400
236.11109866	-0.39493110
236.61109865	-0.43909940
237.11109864	-0.48406740
237.61109862	-0.51968500
238.11109861	-0.54933560
238.61109859	-0.56545280
239.11109858	-0.58003200
239.61109856	-0.58864420
240.11109855	-0.59381150
240.61109854	-0.59491880
241.11109852	-0.58501480
241.61109851	-0.56674460
242.11109849	-0.54201530
242.61109848	-0.51728590
243.11109847	-0.47748520
243.61109845	-0.43220960
244.11109844	-0.38225890
244.61109842	-0.33913630
245.11109841	-0.29029280
245.61109839	-0.24938480
246.11109838	-0.19008370
246.61109837	-0.12758370
247.11109835	-0.05764025
247.61109834	0.00375246
248.11109832	0.06797490
248.61109831	0.11860240
249.11109830	0.17784200
249.61109828	0.23062250
250.11109827	0.28524850
250.61109825	0.32837100
251.11109824	0.37284700
251.61109822	0.40729580
252.11109821	0.44217520
252.61109820	0.46911910
253.11109818	0.48917320
253.61109817	0.49778540
254.11109815	0.49723180
254.61109814	0.48640500
255.11109813	0.47656250
255.61109811	0.47010340
256.11109810	0.45060290
256.61109808	0.42365900
257.11109807	0.38853350
257.61109806	0.35297740
258.11109804	0.31342270
258.61109803	0.28001970
259.11109801	0.23585140
259.61109800	0.19279040
260.11109798	0.13816440
260.61109797	0.08538385
261.11109796	0.02559055
261.61109794	-0.02718996
262.11109793	-0.08156988
262.61109791	-0.12352360
263.11109790	-0.17292080
263.61109789	-0.21715060
264.11109787	-0.26187250
264.61109786	-0.29632140
265.11109784	-0.33095470
265.61109783	-0.35679130
266.11109781	-0.38176670
266.61109780	-0.40003690
267.11109779	-0.40994100
267.61109777	-0.40883370
268.11109776	-0.40360480
268.61109774	-0.39499260
269.11109773	-0.38016730
269.61109772	-0.36294290
270.11109770	-0.33827510
270.61109769	-0.31243850
271.11109767	-0.27780510
271.61109766	-0.24335630
272.11109765	-0.19863440
272.61109763	-0.15440450
273.11109762	-0.10500740
273.61109760	-0.06299213
274.11109759	-0.00873524
274.61109757	0.04404528
275.11109756	0.10359250
275.61109755	0.15532730
276.11109753	0.21487450
276.61109752	0.26765500
277.11109750	0.32228100
277.61109749	0.36534200
278.11109748	0.40981790
278.61109746	0.44426670
279.11109745	0.47914620
279.61109743	0.50609000
280.11109742	0.52559050
280.61109740	0.53204970
281.11109739	0.54189220
281.61109738	0.55271900
282.11109736	0.55296500
282.61109735	0.54324560
283.11109733	0.52817420
283.61109732	0.51094980
284.11109731	0.48597440
284.61109729	0.45903050
285.11109728	0.42968750
285.61109726	0.40594240
286.11109725	0.36644930
286.61109724	0.32117370
287.11109722	0.27153050
287.61109721	0.22951530
288.11109719	0.17488930
288.61109718	0.12100150
289.11109716	0.06637549
289.61109715	0.02442175
290.11109714	-0.02497539
290.61109712	-0.06914370
291.11109711	-0.11386570
291.61109709	-0.14831450
292.11109708	-0.18264030
292.61109707	-0.20743110
293.11109705	-0.23732780
293.61109704	-0.26531740
294.11109702	-0.28537150
294.61109701	-0.29293800
295.11109699	-0.29761320
295.61109698	-0.29761320
296.11109697	-0.29293800
296.61109695	-0.28537150
297.11109694	-0.26531740
297.61109692	-0.23732780
298.11109691	-0.20712350
298.61109690	-0.18128690
299.11109688	-0.15219000
299.61109687	-0.12850640
300.11109685	-0.08925935
300.61109684	-0.04509104
301.11109683	0.01008858
301.61109681	0.06391487
302.11109680	0.11854080
302.61109678	0.16055610
303.11109677	0.20964570
303.61109675	0.25276820
304.11109674	0.30241140
304.61109673	0.34664120
305.11109671	0.39136320
305.61109670	0.42581200
306.11109668	0.46044540
306.61109667	0.48628200
307.11109666	0.51094980
307.61109664	0.52817420
308.11109663	0.54275350
308.61109661	0.55025830
309.11109660	0.56040850
309.61109658	0.57123520
310.11109657	0.57178880
310.61109656	0.56317670
311.11109654	0.54281500
311.61109653	0.51482530
312.11109651	0.48492860
312.61109650	0.46013780
313.11109649	0.42581200
313.61109647	0.39136320
314.11109646	0.34664120
314.61109644	0.30241140
315.11109643	0.25276820
315.61109641	0.20964570
316.11109640	0.16055610
316.61109639	0.11854080
317.11109637	0.06366880
317.61109636	0.00873524
318.11109634	-0.04090797
318.61109633	-0.07326525
319.11109632	-0.11220470
319.61109630	-0.14671510
320.11109629	-0.18676180
320.61109627	-0.22342520
321.11109626	-0.25332190
321.61109625	-0.26950050
322.11109623	-0.28401820
322.61109622	-0.29263040
323.11109620	-0.29761320
323.61109619	-0.29761320
324.11109617	-0.29263040
324.61109616	-0.28401820
325.11109615	-0.26919290
325.61109613	-0.25196850
326.11109612	-0.22699310
326.61109610	-0.20004920
327.11109609	-0.17039860
327.61109608	-0.14560780
328.11109606	-0.11134350
328.61109605	-0.07689469
329.11109603	-0.03217274
329.61109602	0.01199557
330.11109600	0.06194636
330.61109599	0.10611470
331.11109598	0.15052900
331.61109596	0.18393210
332.11109595	0.22348670
332.61109593	0.25904280
333.11109592	0.29361470
333.61109591	0.31840550
334.11109589	0.34830220
334.61109588	0.37629180
335.11109586	0.39609990
335.61109585	0.40255900
336.11109584	0.41215550
336.61109582	0.42187500
337.11109581	0.42710380
337.61109579	0.42710380
338.11109578	0.42212100
338.61109576	0.41350890
339.11109575	0.39899110
339.61109574	0.38281250
340.11109572	0.35291590
340.61109571	0.31625250
341.11109569	0.27620570
341.61109568	0.24169540
342.11109567	0.20244830
342.61109565	0.16904530
343.11109564	0.12463090
343.61109562	0.08046260
344.11109561	0.03051181
344.61109559	-0.01365650
345.11109558	-0.05807086
345.61109557	-0.09147391
346.11109555	-0.13072100
346.61109554	-0.16523130
347.11109552	-0.20503200
347.61109551	-0.24052660
348.11109550	-0.27565210
348.61109548	-0.30265750
349.11109547	-0.32215800
349.61109545	-0.32855560
350.11109544	-0.33815210
350.61109543	-0.34787150
351.11109541	-0.35310040
351.61109540	-0.35310040
352.11109538	-0.34787150
352.61109537	-0.33815210
353.11109535	-0.32855560
353.61109534	-0.32215800
354.11109533	-0.30265750
354.61109531	-0.27565210
355.11109530	-0.24052660
355.61109528	-0.20503200
356.11109527	-0.16523130
356.61109526	-0.13072100
357.11109524	-0.09122785
357.61109523	-0.05671752
358.11109521	-0.01691683
358.61109520	0.01857776
359.11109518	0.05290354
359.61109517	0.07652559
360.11109516	0.11140500
360.61109514	0.14917570
361.11109513	0.17876480
361.61109511	0.19272880
362.11109510	0.21745820
362.61109509	0.24655510
363.11109507	0.26685530
363.61109506	0.27442180
364.11109504	0.27909700
364.61109503	0.27909700
365.11109501	0.27386810
365.61109500	0.26414860
366.11109499	0.25455220
366.61109497	0.24809300
367.11109496	0.22840800
367.61109494	0.20035680
368.11109493	0.17039860
368.61109492	0.14560780
369.11109490	0.11103590
369.61109489	0.07547982
370.11109487	0.03574065
370.61109486	0.00129183
371.11109485	-0.03820128
371.61109483	-0.07271162
372.11109482	-0.11220470
372.61109480	-0.14671510
373.11109479	-0.18620820
373.61109477	-0.22071850
374.11109476	-0.26051920
374.61109475	-0.29607530
375.11109473	-0.33095470
375.61109472	-0.35679130
376.11109470	-0.38145910
376.61109469	-0.39868350
377.11109468	-0.41350890
377.61109466	-0.42212100
378.11109465	-0.42679630
378.61109463	-0.42568900
379.11109462	-0.42568900
379.61109460	-0.42679630
380.11109459	-0.42212100
380.61109458	-0.41350890
381.11109456	-0.39868350
381.61109455	-0.38145910
382.11109453	-0.35648380
382.61109452	-0.32953990
383.11109451	-0.29988930
383.61109449	-0.27509840
384.11109448	-0.24052660
384.61109446	-0.20503200
385.11109445	-0.16492370
385.61109444	-0.12936760
386.11109442	-0.09479577
386.61109441	-0.07000492
387.11109439	-0.04066191
387.61109438	-0.01482530
388.11109436	0.01482530
388.61109435	0.04066191
389.11109434	0.07055856
389.61109432	0.09750246
390.11109431	0.12247790
390.61109429	0.13970230
391.11109428	0.15452760
391.61109427	0.16313980
392.11109425	0.16781500
392.61109424	0.16670770
393.11109422	0.16701530
393.61109421	0.16916830
394.11109419	0.15932580
394.61109418	0.13988680
395.11109417	0.11983270
395.61109415	0.10371560
396.11109414	0.07898622
396.61109412	0.05204232
397.11109411	0.02214567
397.61109410	-0.00362943
398.11109408	-0.03297244
398.61109407	-0.05776329
399.11109405	-0.09264272
399.61109404	-0.12924460
400.11109403	-0.16412400
400.61109401	-0.18891490
401.11109400	-0.21825790
401.61109398	-0.24409450
402.11109397	-0.27405260
402.61109395	-0.30099650
403.11109394	-0.32572590
403.61109393	-0.34184300
404.11109391	-0.36183560
404.61109390	-0.38127460
405.11109388	-0.39111710
405.61109387	-0.38896410
406.11109386	-0.38841040
406.61109384	-0.38841040
407.11109383	-0.38896410
407.61109381	-0.39111710
408.11109380	-0.38127460
408.61109378	-0.36183560
409.11109377	-0.34184300
409.61109376	-0.32572590
410.11109374	-0.30130410
410.61109373	-0.27540600
411.11109371	-0.24028050
411.61109370	-0.20361710
412.11109369	-0.16879920
412.61109367	-0.14400840
413.11109366	-0.11491140
413.61109364	-0.09012057
414.11109363	-0.05530266
414.61109362	-0.01863927
415.11109360	0.01642470
415.61109359	0.04232283
416.11109357	0.06643701
416.61109356	0.08150837
417.11109354	0.10648380
417.61109353	0.13558070
418.11109352	0.15588090
418.61109350	0.16344730
419.11109349	0.16781500
419.61109347	0.16670770
420.11109346	0.16646160
420.61109345	0.16646160
421.11109343	0.16701530
421.61109342	0.16916830
422.11109340	0.15932580
422.61109339	0.13988680
423.11109337	0.11952510
423.61109336	0.10230070
424.11109335	0.08286171
424.61109333	0.06674459
425.11109332	0.04201525
425.61109330	0.01507136
426.11109329	-0.01482530
426.61109328	-0.04066191
427.11109326	-0.07031250
427.61109325	-0.09614912
428.11109323	-0.12579970
428.61109322	-0.15163630
429.11109320	-0.18184060
429.61109319	-0.20983020
430.11109318	-0.22933070
430.61109316	-0.23468260
431.11109315	-0.24926180
431.61109313	-0.26863930
432.11109312	-0.28401820
432.61109311	-0.29263040
433.11109309	-0.29761320
433.61109308	-0.29761320
434.11109306	-0.29238440
434.61109305	-0.28266490
435.11109304	-0.27251480
435.61109302	-0.26384100
436.11109301	-0.25455220
436.61109299	-0.24809300
437.11109298	-0.22865400
437.61109296	-0.20171010
438.11109295	-0.16627710
438.61109294	-0.12967520
439.11109292	-0.09479577
439.61109291	-0.07000492
440.11109289	-0.04066191
440.61109288	-0.01482530
441.11109287	0.01451772
441.61109285	0.03930856
442.11109284	0.07443406
442.61109282	0.11214320
443.11109281	0.14179380
443.61109279	0.15575790
444.11109278	0.18017960
444.61109277	0.20823080
445.11109275	0.23345230
445.61109274	0.25067670
446.11109272	0.26525590
446.61109271	0.27276080
447.11109270	0.28291090
447.61109268	0.29373770
448.11109267	0.29373770
448.61109265	0.28291090
449.11109264	0.27251480
449.61109263	0.26384100
450.11109261	0.25424460
450.61109260	0.24673970
451.11109258	0.23222190
451.61109257	0.21493600
452.11109255	0.18996060
452.61109254	0.16301670
453.11109253	0.13287400
453.61109251	0.10593010
454.11109250	0.08150837
454.61109248	0.06643701
455.11109247	0.04176919
455.61109246	0.01371801
456.11109244	-0.01094980
456.61109243	-0.02602116
457.11109241	-0.05068897
457.61109240	-0.07874016
458.11109238	-0.10396160
458.61109237	-0.12118600
459.11109236	-0.13576530
459.61109234	-0.14327020
460.11109233	-0.15317420
460.61109231	-0.16289370
461.11109230	-0.16812250
461.61109229	-0.16812250
462.11109227	-0.16289370
462.61109226	-0.15317420
463.11109224	-0.14327020
463.61109223	-0.13576530
464.11109222	-0.12094000
464.61109220	-0.10260830
465.11109219	-0.08286171
465.61109217	-0.06674459
466.11109216	-0.04201525
466.61109214	-0.01507136
467.11109213	0.01482530
467.61109212	0.04066191
468.11109210	0.07031250
468.61109209	0.09614912
469.11109207	0.12579970
469.61109206	0.15163630
470.11109205	0.18128690
470.61109203	0.20712350
471.11109202	0.23732780
471.61109200	0.26531740
472.11109199	0.28481790
472.61109197	0.29016980
473.11109196	0.30474900
473.61109195	0.32412650
474.11109193	0.33950540
474.61109192	0.34811760
475.11109190	0.35310040
475.61109189	0.35310040
476.11109188	0.34787150
476.61109186	0.33815210
477.11109185	0.32824800
477.61109183	0.32074310
478.11109182	0.30597930
478.61109180	0.28758610
479.11109179	0.26753200
479.61109178	0.25036910
480.11109176	0.23086860
480.61109175	0.21469000
481.11109173	0.18996060
481.61109172	0.16301670
482.11109171	0.13287400
482.61109169	0.10593010
483.11109168	0.08150837
483.61109166	0.06643701
484.11109165	0.04176919
484.61109164	0.01371801
485.11109162	-0.01125738
485.61109161	-0.02737451
486.11109159	-0.04712106
486.61109158	-0.06545275
487.11109156	-0.08052412
487.61109155	-0.08913632
488.11109154	-0.09381151
488.61109152	-0.09270423
489.11109151	-0.09245817
489.61109149	-0.09245817
490.11109148	-0.09301181
490.61109147	-0.09516487
491.11109145	-0.08501476
491.61109144	-0.06453002
492.11109142	-0.04970472
492.61109141	-0.04435286
493.11109139	-0.02460630
493.61109138	0.00449065
494.11109137	0.02940453
494.61109135	0.04453740
495.11109134	0.06920522
495.61109132	0.09725640
496.11109131	0.12192420
496.61109130	0.13699560
497.11109128	0.16166340
497.61109127	0.18971460
498.11109125	0.21469000
498.61109124	0.23086860
499.11109123	0.25061510
499.61109121	0.26894690
500.11109120	0.28346460
500.61109118	0.28992370
501.11109117	0.30499510
501.61109115	0.32547980
502.11109114	0.33562990
502.61109113	0.33347690
503.11109111	0.33316930
503.61109110	0.33427660
504.11109108	0.32966290
504.61109107	0.32105070
505.11109106	0.30567180
505.61109104	0.28623280
506.11109103	0.27165350
506.61109101	0.26630170
507.11109100	0.24655510
507.61109098	0.21745820
508.11109097	0.19248280
508.61109096	0.17741140
509.11109094	0.15274360
509.61109093	0.12469240
510.11109091	0.10002460
510.61109090	0.08489173
511.11109089	0.06046998
511.61109087	0.03352608
512.11109086	0.00338337
512.61109084	-0.02356053
513.11109083	-0.04847441
513.61109082	-0.06569882
514.11109080	-0.07997047
514.61109079	-0.08642963
515.11109077	-0.10150100
515.61109076	-0.12198570
516.11109074	-0.13188980
516.61109073	-0.12862940
517.11109072	-0.13355070
517.61109070	-0.14548470
518.11109069	-0.14573080
518.61109067	-0.13490400
519.11109066	-0.12475390
519.61109065	-0.11724900
520.11109063	-0.10217770
520.61109062	-0.08273868
521.11109060	-0.06791338
521.61109059	-0.06151575
522.11109057	-0.04693652
522.61109056	-0.02860482
523.11109055	-0.00861220
523.61109053	0.00861220
524.11109052	0.02835876
524.61109050	0.04558317
525.11109049	0.06539124
525.61109048	0.08261565
526.11109046	0.10230070
526.61109045	0.11952510
527.11109043	0.13957920
527.61109042	0.15791090
528.11109041	0.17279770
528.61109039	0.18030260
529.11109038	0.19020670
529.61109036	0.19986470
530.11109035	0.20478590
530.61109033	0.20367860
531.11109032	0.20367860
531.61109031	0.20478590
532.11109029	0.20017220
532.61109028	0.19156000
533.11109026	0.17618110
533.61109025	0.15674210
534.11109024	0.14191680
534.61109022	0.13545770
535.11109021	0.12118600
535.61109019	0.10396160
536.11109018	0.07874016
536.61109016	0.05068897
537.11109015	0.02571358
537.61109014	0.00959646
538.11109012	-0.00959646
538.61109011	-0.02571358
539.11109009	-0.05068897
539.61109008	-0.07874016
540.11109007	-0.10371560
540.61109005	-0.11983270
541.11109004	-0.13957920
541.61109002	-0.15791090
542.11109001	-0.17279770
542.61108999	-0.18030260
543.11108998	-0.19020670
543.61108997	-0.19986470
544.11108995	-0.20478590
544.61108994	-0.20367860
545.11108992	-0.20343260
545.61108991	-0.20343260
546.11108990	-0.20398620
546.61108988	-0.20613930
547.11108987	-0.19598920
547.61108985	-0.17550440
548.11108984	-0.16043310
548.61108983	-0.15397390
549.11108981	-0.13914860
549.61108980	-0.11977120
550.11108978	-0.10494590
550.61108977	-0.09848671
551.11108975	-0.08396900
551.61108974	-0.06563731
552.11108973	-0.04533711
552.61108971	-0.02694390
553.11108970	-0.01242618
553.61108968	-0.00602854
554.11108967	0.00879675
554.61108966	0.02817421
555.11108964	0.04330709
555.61108963	0.05081201
556.11108961	0.06071604
556.61108960	0.07037401
557.11108958	0.07529528
557.61108957	0.07418799
558.11108956	0.07394193
558.61108954	0.07394193
559.11108953	0.07449557
559.61108951	0.07664862
560.11108950	0.06649853
560.61108949	0.04601378
561.11108947	0.03063484
561.61108946	0.02312992
562.11108944	0.01377953
562.61108943	0.00627461
563.11108942	-0.00848917
563.61108940	-0.02682087
564.11108939	-0.04681348
564.61108937	-0.06403790
565.11108936	-0.08384597
565.61108934	-0.10107040
566.11108933	-0.12087840
566.61108932	-0.13804130
567.11108930	-0.15784940
567.61108929	-0.17507380
568.11108927	-0.19512790
568.61108926	-0.21345960
569.11108925	-0.22828490
569.61108923	-0.23578990
570.11108922	-0.24538630
570.61108920	-0.25399850
571.11108919	-0.26414860
571.61108917	-0.27386810
572.11108916	-0.27909700
572.61108915	-0.27909700
573.11108913	-0.27386810
573.61108912	-0.26414860
574.11108910	-0.25399850
574.61108909	-0.24538630
575.11108908	-0.23554380
575.61108906	-0.22687010
576.11108905	-0.21727360
576.61108903	-0.20976870
577.11108902	-0.19494340
577.61108901	-0.17661170
578.11108899	-0.15655760
578.61108898	-0.13933320
579.11108896	-0.11927900
579.61108895	-0.10094730
580.11108893	-0.08642963
580.61108892	-0.07997047
581.11108891	-0.06545275
581.61108889	-0.04712106
582.11108888	-0.02682087
582.61108886	-0.00848917
583.11108885	0.00658219
583.61108884	0.01519439
584.11108882	0.01956201
584.61108881	0.01734744
585.11108879	0.02233022
585.61108878	0.03309547
586.11108876	0.03863189
586.61108875	0.03863189
587.11108874	0.03309547
587.61108872	0.02233022
588.11108871	0.01765502
588.61108869	0.02091535
589.11108868	0.01107283
589.61108867	-0.00941191
590.11108865	-0.02472933
590.61108864	-0.03229577
591.11108862	-0.04164616
591.61108861	-0.04915108
592.11108859	-0.06397638
592.61108858	-0.08230807
593.11108857	-0.10260830
593.61108855	-0.12094000
594.11108854	-0.13545770
594.61108852	-0.14191680
595.11108851	-0.15674210
595.61108850	-0.17618110
596.11108848	-0.19125250
596.61108847	-0.19875740
597.11108845	-0.20866140
597.61108844	-0.21838090
598.11108843	-0.22330220
598.61108841	-0.22219490
599.11108840	-0.22194880
599.61108838	-0.22194880
600.11108837	-0.22219490
600.61108835	-0.22330220
601.11108834	-0.21838090
601.61108833	-0.20866140
602.11108831	-0.19851130
602.61108830	-0.18989910
603.11108828	-0.18030260
603.61108827	-0.17279770
604.11108826	-0.15766490
604.61108824	-0.13822590
605.11108823	-0.12340060
605.61108821	-0.11700290
606.11108820	-0.10248520
606.61108818	-0.08409203
607.11108817	-0.06403790
607.61108816	-0.04681348
608.11108814	-0.02682087
608.61108813	-0.00848917
609.11108811	0.00602854
609.61108810	0.01242618
610.11108809	0.02725148
610.61108807	0.04669045
611.11108806	0.06176181
611.61108804	0.06926673
612.11108803	0.07917077
612.61108802	0.08889025
613.11108800	0.09411909
613.61108799	0.09411909
614.11108797	0.08858268
614.61108796	0.07781742
615.11108794	0.07283465
615.61108793	0.07504921
616.11108792	0.07037401
616.61108790	0.06071604
617.11108789	0.05056594
617.61108787	0.04189222
618.11108786	0.03229577
618.61108785	0.02472933
619.11108783	0.00965797
619.61108782	-0.00965797
620.11108780	-0.02448327
620.61108779	-0.03094242
621.11108777	-0.04576772
621.61108776	-0.06514518
622.11108775	-0.08027805
622.61108773	-0.08778297
623.11108772	-0.09737943
623.61108770	-0.10605320
624.11108769	-0.11620320
624.61108768	-0.12586120
625.11108766	-0.13053640
625.61108765	-0.12832190
626.11108763	-0.13330460
626.61108762	-0.14406990
627.11108761	-0.14960630
627.61108759	-0.14960630
628.11108758	-0.14437750
628.61108756	-0.13465800
629.11108755	-0.12450790
629.61108753	-0.11589570
630.11108752	-0.10629920
630.61108751	-0.09879429
631.11108749	-0.08396900
631.61108748	-0.06563731
632.11108746	-0.04533711
632.61108745	-0.02694390
633.11108744	-0.01242618
633.61108742	-0.00602854
634.11108741	0.00848917
634.61108739	0.02682087
635.11108738	0.04681348
635.61108736	0.06403790
636.11108735	0.08409203
636.61108734	0.10248520
637.11108732	0.11700290
637.61108731	0.12340060
638.11108729	0.13822590
638.61108728	0.15766490
639.11108727	0.17304380
639.61108725	0.18165600
640.11108724	0.18633120
640.61108722	0.18522390
641.11108721	0.18497790
641.61108720	0.18497790
642.11108718	0.18497790
642.61108717	0.18497790
643.11108715	0.18522390
643.61108714	0.18633120
644.11108712	0.18140990
644.61108711	0.17169040
645.11108710	0.16154040
645.61108708	0.15286660
646.11108707	0.14327020
646.61108705	0.13576530
647.11108704	0.12063240
647.61108703	0.10125490
648.11108701	0.08642963
648.61108700	0.07997047
649.11108698	0.06514518
649.61108697	0.04576772
650.11108695	0.03063484
650.61108694	0.02312992
651.11108693	0.01353346
651.61108691	0.00492126
652.11108690	-0.00492126
652.61108688	-0.01353346
653.11108687	-0.02368356
653.61108686	-0.03340305
654.11108684	-0.03832431
654.61108683	-0.03721703
655.11108681	-0.03721703
655.61108680	-0.03832431
656.11108678	-0.03309547
656.61108677	-0.02233022
657.11108676	-0.01734744
657.61108674	-0.01956201
658.11108673	-0.01488681
658.61108671	-0.00522884
659.11108670	0.00467520
659.61108669	0.01218012
660.11108667	0.02694390
660.61108666	0.04533711
661.11108664	0.06563731
661.61108663	0.08396900
662.11108662	0.09848671
662.61108660	0.10494590
663.11108659	0.11977120
663.61108657	0.13914860
664.11108656	0.15428150
664.61108654	0.16178640
665.11108653	0.17138290
665.61108652	0.18005660
666.11108650	0.18989910
666.61108649	0.19851130
667.11108647	0.20866140
667.61108646	0.21838090
668.11108645	0.22330220
668.61108643	0.22219490
669.11108642	0.22194880
669.61108640	0.22194880
670.11108639	0.22219490
670.61108637	0.22330220
671.11108636	0.21838090
671.61108635	0.20866140
672.11108633	0.19851130
672.61108632	0.18989910
673.11108630	0.18005660
673.61108629	0.17138290
674.11108628	0.16178640
674.61108626	0.15428150
675.11108625	0.13914860
675.61108623	0.11977120
676.11108622	0.10463830
676.61108621	0.09713337
677.11108619	0.08753691
677.61108618	0.07886319
678.11108616	0.06902067
678.61108615	0.06040847
679.11108613	0.05056594
679.61108612	0.04189222
680.11108611	0.03204970
680.61108609	0.02337598
681.11108608	0.01322589
681.61108606	0.00356791
682.11108605	-0.00135335
682.61108604	-0.00024606
683.11108602	0.00000000
683.61108601	0.00000000
684.11108599	0.00000000
684.61108598	0.00000000
685.11108596	-0.00024606
685.61108595	-0.00135335
686.11108594	0.00326034
686.61108592	0.01187254
687.11108591	0.02725148
687.61108589	0.04669045
688.11108588	0.06176181
688.61108587	0.06926673
689.11108585	0.07886319
689.61108584	0.08753691
690.11108582	0.09737943
690.61108581	0.10605320
691.11108580	0.11589570
691.61108578	0.12450790
692.11108577	0.13435040
692.61108575	0.14302410
693.11108574	0.15286660
693.61108572	0.16154040
694.11108571	0.17169040
694.61108570	0.18140990
695.11108568	0.18633120
695.61108567	0.18522390
696.11108565	0.18497790
696.61108564	0.18497790
697.11108563	0.18522390
697.61108561	0.18633120
698.11108560	0.18110240
698.61108558	0.17033710
699.11108557	0.16535430
699.61108555	0.16756890
700.11108554	0.16313980
700.61108553	0.15452760
701.11108551	0.13914860
701.61108550	0.11977120
702.11108548	0.10494590
702.61108547	0.09848671
703.11108546	0.08366141
703.61108544	0.06428396
704.11108543	0.04915108
704.61108541	0.04164616
705.11108540	0.03229577
705.61108538	0.02472933
706.11108537	0.00965797
706.61108536	-0.00965797
707.11108534	-0.02472933
707.61108533	-0.03229577
708.11108531	-0.04219980
708.61108530	-0.05191929
709.11108529	-0.05684055
709.61108527	-0.05573327
710.11108526	-0.05548720
710.61108524	-0.05548720
711.11108523	-0.05524114
711.61108522	-0.05413386
712.11108520	-0.05960876
712.61108519	-0.07148130
713.11108517	-0.07148130
713.61108516	-0.05960876
714.11108514	-0.05437992
714.61108513	-0.05659449
715.11108512	-0.05191929
715.61108510	-0.04219980
716.11108509	-0.03204970
716.61108507	-0.02337598
717.11108506	-0.01353346
717.61108505	-0.00492126
718.11108503	0.00492126
718.61108502	0.01353346
719.11108500	0.02337598
719.61108499	0.03204970
720.11108497	0.04189222
720.61108496	0.05056594
721.11108495	0.06071604
721.61108493	0.07037401
722.11108492	0.07529528
722.61108490	0.07418799
723.11108489	0.07394193
723.61108488	0.07394193
724.11108486	0.07418799
724.61108485	0.07529528
725.11108483	0.07012795
725.61108482	0.05930118
726.11108481	0.05437992
726.61108479	0.05659449
727.11108478	0.05191929
727.61108476	0.04219980
728.11108475	0.03204970
728.61108473	0.02337598
729.11108472	0.01353346
729.61108471	0.00492126
730.11108469	-0.00492126
730.61108468	-0.01353346
731.11108466	-0.02312992
731.61108465	-0.03063484
732.11108464	-0.04576772
732.61108462	-0.06514518
733.11108461	-0.08027805
733.61108459	-0.08778297
734.11108458	-0.09768701
734.61108456	-0.10740650
735.11108455	-0.11208170
735.61108454	-0.10986710
736.11108452	-0.11478840
736.61108451	-0.12561510
737.11108449	-0.13078250
737.61108448	-0.12967520
738.11108447	-0.12942910
738.61108445	-0.12942910
739.11108444	-0.12942910
739.61108442	-0.12942910
740.11108441	-0.12942910
740.61108440	-0.12942910
741.11108438	-0.12967520
741.61108437	-0.13078250
742.11108435	-0.12586120
742.61108434	-0.11620320
743.11108432	-0.10605320
743.61108431	-0.09737943
744.11108430	-0.08753691
744.61108428	-0.07886319
745.11108427	-0.06871309
745.61108425	-0.05905512
746.11108424	-0.05437992
746.61108423	-0.05659449
747.11108421	-0.05161171
747.61108420	-0.04084646
748.11108418	-0.03586368
748.61108417	-0.03807825
749.11108415	-0.03309547
749.61108414	-0.02233022
750.11108413	-0.01710138
750.61108411	-0.01820866
751.11108410	-0.01845472
751.61108408	-0.01845472
752.11108407	-0.01845472
752.61108406	-0.01845472
753.11108404	-0.01820866
753.61108403	-0.01710138
754.11108401	-0.02202264
754.61108400	-0.03174213
755.11108399	-0.04189222
755.61108397	-0.05056594
756.11108396	-0.06040847
756.61108394	-0.06902067
757.11108393	-0.07886319
757.61108391	-0.08753691
758.11108390	-0.09768701
758.61108389	-0.10740650
759.11108387	-0.11208170
759.61108386	-0.10986710
760.11108384	-0.11454230
760.61108383	-0.12420030
761.11108382	-0.13435040
761.61108380	-0.14302410
762.11108379	-0.15286660
762.61108377	-0.16154040
763.11108376	-0.17169040
763.61108374	-0.18140990
764.11108373	-0.18633120
764.61108372	-0.18522390
765.11108370	-0.18497790
765.61108369	-0.18497790
766.11108367	-0.18497790
766.61108366	-0.18497790
767.11108365	-0.18522390
767.61108363	-0.18633120
768.11108362	-0.18140990
768.61108360	-0.17169040
769.11108359	-0.16154040
769.61108357	-0.15286660
770.11108356	-0.14302410
770.61108355	-0.13435040
771.11108353	-0.12420030
771.61108352	-0.11454230
772.11108350	-0.11017470
772.61108349	-0.11343500
773.11108348	-0.10353100
773.61108346	-0.08298475
774.11108345	-0.06735975
774.61108343	-0.05874754
775.11108342	-0.05437992
775.61108341	-0.05659449
776.11108339	-0.05191929
776.61108338	-0.04219980
777.11108336	-0.03174213
777.61108335	-0.02202264
778.11108333	-0.01710138
778.61108332	-0.01820866
779.11108331	-0.01845472
779.61108329	-0.01845472
780.11108328	-0.01845472
780.61108326	-0.01845472
781.11108325	-0.01820866
781.61108324	-0.01710138
782.11108322	-0.02233022
782.61108321	-0.03309547
783.11108319	-0.03807825
783.61108318	-0.03586368
784.11108316	-0.04053888
784.61108315	-0.05025836
785.11108314	-0.06071604
785.61108312	-0.07037401
786.11108311	-0.07504921
786.61108309	-0.07283465
787.11108308	-0.07750984
787.61108307	-0.08722933
788.11108305	-0.09768701
788.61108304	-0.10740650
789.11108302	-0.11208170
789.61108301	-0.10986710
790.11108300	-0.11478840
790.61108298	-0.12561510
791.11108297	-0.13078250
791.61108295	-0.12967520
792.11108294	-0.12942910
792.61108292	-0.12942910
793.11108291	-0.12942910
793.61108290	-0.12942910
794.11108288	-0.12967520
794.61108287	-0.13078250
795.11108285	-0.12561510
795.61108284	-0.11478840
796.11108283	-0.10986710
796.61108281	-0.11208170
797.11108280	-0.10740650
797.61108278	-0.09768701
